기간	자치구	주택매매가격지수(2017.11=100.0)	주택매매가격지수(2017.11=100.0)
기간	자치구	종합	아파트
2004	서울시	61.86	60.59
2004	종로구	70.74	64.95
2004	중구	70.70	69.26
2004	용산구	52.92	61.99
2004	성동구	72.03	61.47
2004	광진구	62.28	69.13
2004	동대문구	65.87	61.53
2004	중랑구	60.11	63.05
2004	성북구	62.34	65.24
2004	강북구	60.26	56.97
2004	도봉구	62.05	61.40
2004	노원구	51.89	51.28
2004	은평구	62.16	67.54
2004	서대문구	68.50	63.69
2004	마포구	63.47	59.88
2004	양천구	61.22	63.23
2004	강서구	60.47	61.79
2004	구로구	60.02	59.49
2004	금천구	62.45	59.38
2004	영등포구	62.67	59.62
2004	동작구	60.93	60.70
2004	관악구	62.77	61.11
2004	서초구	62.28	57.39
2004	강남구	63.54	61.09
2004	송파구	62.08	66.25
2004	강동구	66.93	63.78
2005	서울시	65.36	65.75
2005	종로구	73.28	68.52
2005	중구	72.76	73.48
2005	용산구	58.43	71.22
2005	성동구	77.53	68.54
2005	광진구	63.61	72.07
2005	동대문구	66.43	63.40
2005	중랑구	59.53	62.46
2005	성북구	63.59	65.60
2005	강북구	61.60	56.91
2005	도봉구	62.91	63.01
2005	노원구	52.70	52.27
2005	은평구	65.49	69.74
2005	서대문구	68.68	63.70
2005	마포구	66.16	63.87
2005	양천구	67.33	70.89
2005	강서구	60.94	63.04
2005	구로구	61.92	62.60
2005	금천구	63.44	60.83
2005	영등포구	68.86	67.30
2005	동작구	64.51	64.91
2005	관악구	63.28	64.52
2005	서초구	74.62	72.69
2005	강남구	72.32	72.79
2005	송파구	70.91	79.57
2005	강동구	73.77	72.94
2006	서울시	77.68	81.18
2006	종로구	79.92	76.37
2006	중구	80.36	86.77
2006	용산구	79.24	91.58
2006	성동구	89.39	84.29
2006	광진구	73.12	91.56
2006	동대문구	71.94	69.69
2006	중랑구	66.69	69.31
2006	성북구	72.89	75.85
2006	강북구	67.67	64.53
2006	도봉구	70.00	71.33
2006	노원구	63.64	63.96
2006	은평구	79.21	81.54
2006	서대문구	75.60	72.02
2006	마포구	78.15	81.75
2006	양천구	89.84	98.30
2006	강서구	74.81	83.33
2006	구로구	72.35	75.35
2006	금천구	69.40	71.11
2006	영등포구	83.55	82.87
2006	동작구	80.64	86.04
2006	관악구	72.19	78.76
2006	서초구	92.17	92.37
2006	강남구	89.37	93.34
2006	송파구	87.86	99.73
2006	강동구	89.98	92.35
2007	서울시	85.30	86.86
2007	종로구	82.45	80.47
2007	중구	87.95	92.50
2007	용산구	95.34	98.94
2007	성동구	93.87	89.66
2007	광진구	77.22	95.59
2007	동대문구	81.28	78.94
2007	중랑구	79.06	79.06
2007	성북구	83.76	85.93
2007	강북구	80.69	83.67
2007	도봉구	83.53	82.63
2007	노원구	74.45	74.36
2007	은평구	86.03	86.27
2007	서대문구	81.65	79.57
2007	마포구	83.28	84.51
2007	양천구	92.45	96.80
2007	강서구	84.60	89.58
2007	구로구	82.38	82.33
2007	금천구	75.51	76.24
2007	영등포구	89.02	87.35
2007	동작구	86.52	90.33
2007	관악구	80.30	85.40
2007	서초구	93.48	92.13
2007	강남구	91.66	93.09
2007	송파구	95.27	99.16
2007	강동구	91.81	92.28
2008	서울시	93.46	93.05
2008	종로구	88.93	88.82
2008	중구	91.97	96.10
2008	용산구	100.15	103.24
2008	성동구	95.83	92.51
2008	광진구	86.17	93.29
2008	동대문구	91.29	89.44
2008	중랑구	94.69	97.88
2008	성북구	96.20	97.60
2008	강북구	95.26	101.17
2008	도봉구	104.28	104.46
2008	노원구	97.22	95.98
2008	은평구	94.15	98.33
2008	서대문구	92.99	91.70
2008	마포구	88.36	87.53
2008	양천구	94.16	92.75
2008	강서구	97.59	96.52
2008	구로구	96.31	93.01
2008	금천구	95.85	92.70
2008	영등포구	93.10	91.61
2008	동작구	92.00	93.64
2008	관악구	87.61	92.01
2008	서초구	88.77	86.18
2008	강남구	88.86	87.51
2008	송파구	92.76	91.26
2008	강동구	89.31	84.04
2009	서울시	96.09	95.33
2009	종로구	92.31	92.40
2009	중구	94.51	98.52
2009	용산구	102.73	104.58
2009	성동구	95.99	92.57
2009	광진구	90.04	94.38
2009	동대문구	93.09	90.64
2009	중랑구	96.35	97.95
2009	성북구	97.72	96.54
2009	강북구	99.07	100.44
2009	도봉구	104.91	104.66
2009	노원구	98.35	97.01
2009	은평구	96.74	97.53
2009	서대문구	96.34	92.56
2009	마포구	91.44	90.83
2009	양천구	98.72	98.25
2009	강서구	99.03	97.11
2009	구로구	96.10	92.73
2009	금천구	96.42	93.82
2009	영등포구	95.99	95.14
2009	동작구	92.95	92.84
2009	관악구	93.57	92.54
2009	서초구	91.62	90.47
2009	강남구	93.27	93.08
2009	송파구	95.58	95.21
2009	강동구	95.34	92.50
2010	서울시	95.01	93.37
2010	종로구	92.82	92.01
2010	중구	95.83	98.48
2010	용산구	100.11	102.86
2010	성동구	94.95	91.73
2010	광진구	90.90	93.98
2010	동대문구	94.01	92.22
2010	중랑구	96.25	97.81
2010	성북구	96.08	93.86
2010	강북구	98.94	98.41
2010	도봉구	101.01	99.27
2010	노원구	94.13	92.48
2010	은평구	95.43	93.21
2010	서대문구	96.54	91.37
2010	마포구	91.66	89.44
2010	양천구	98.10	95.67
2010	강서구	96.09	93.60
2010	구로구	93.98	91.01
2010	금천구	94.96	91.07
2010	영등포구	94.53	93.44
2010	동작구	92.61	92.12
2010	관악구	93.00	91.17
2010	서초구	91.81	91.03
2010	강남구	92.60	91.46
2010	송파구	95.11	93.66
2010	강동구	95.54	92.13
2011	서울시	95.66	93.01
2011	종로구	94.86	92.93
2011	중구	96.56	98.32
2011	용산구	98.73	102.62
2011	성동구	95.27	92.07
2011	광진구	96.21	94.46
2011	동대문구	95.43	91.98
2011	중랑구	96.71	98.27
2011	성북구	96.16	94.18
2011	강북구	99.80	97.44
2011	도봉구	101.00	99.20
2011	노원구	93.11	91.62
2011	은평구	95.60	92.55
2011	서대문구	98.19	91.45
2011	마포구	91.42	89.57
2011	양천구	97.44	94.22
2011	강서구	96.86	92.20
2011	구로구	94.14	90.85
2011	금천구	97.05	90.60
2011	영등포구	94.44	92.87
2011	동작구	93.47	91.95
2011	관악구	95.74	91.25
2011	서초구	92.91	92.06
2011	강남구	92.66	91.08
2011	송파구	96.54	93.04
2011	강동구	96.96	91.35
2012	서울시	91.12	86.83
2012	종로구	94.27	92.61
2012	중구	92.30	90.99
2012	용산구	96.33	97.93
2012	성동구	90.60	85.64
2012	광진구	93.64	90.05
2012	동대문구	92.05	87.42
2012	중랑구	94.17	93.32
2012	성북구	94.44	92.39
2012	강북구	97.34	92.19
2012	도봉구	94.78	91.34
2012	노원구	87.16	85.77
2012	은평구	94.18	90.24
2012	서대문구	93.89	88.45
2012	마포구	90.40	87.66
2012	양천구	92.17	87.91
2012	강서구	91.23	84.48
2012	구로구	91.09	87.17
2012	금천구	93.99	87.95
2012	영등포구	90.29	87.43
2012	동작구	89.04	83.74
2012	관악구	91.88	85.39
2012	서초구	89.13	87.15
2012	강남구	83.78	80.07
2012	송파구	89.96	83.92
2012	강동구	87.03	82.65
2013	서울시	89.84	85.72
2013	종로구	93.89	91.99
2013	중구	91.86	90.00
2013	용산구	93.41	93.10
2013	성동구	88.95	85.10
2013	광진구	90.11	86.16
2013	동대문구	89.89	85.36
2013	중랑구	94.31	92.32
2013	성북구	92.74	89.63
2013	강북구	95.33	90.28
2013	도봉구	91.82	88.60
2013	노원구	85.77	84.50
2013	은평구	92.99	88.63
2013	서대문구	92.32	88.62
2013	마포구	90.21	87.13
2013	양천구	89.53	85.66
2013	강서구	89.90	83.64
2013	구로구	89.88	86.22
2013	금천구	92.43	86.99
2013	영등포구	88.37	84.93
2013	동작구	89.46	84.89
2013	관악구	92.01	86.64
2013	서초구	87.49	84.75
2013	강남구	82.98	79.21
2013	송파구	89.34	85.96
2013	강동구	86.64	82.34
2014	서울시	90.85	87.43
2014	종로구	94.12	92.20
2014	중구	92.95	91.19
2014	용산구	92.88	91.77
2014	성동구	89.97	87.27
2014	광진구	91.53	87.62
2014	동대문구	90.84	87.16
2014	중랑구	94.89	92.67
2014	성북구	93.38	90.57
2014	강북구	95.34	91.29
2014	도봉구	92.94	90.30
2014	노원구	88.07	87.17
2014	은평구	93.78	90.01
2014	서대문구	93.09	90.39
2014	마포구	91.75	89.99
2014	양천구	90.41	87.44
2014	강서구	89.32	84.22
2014	구로구	89.93	86.89
2014	금천구	92.83	88.48
2014	영등포구	89.69	87.01
2014	동작구	91.26	87.42
2014	관악구	92.26	87.28
2014	서초구	89.03	86.57
2014	강남구	85.23	81.99
2014	송파구	90.41	87.51
2014	강동구	88.25	84.51
2015	서울시	95.03	93.29
2015	종로구	96.13	94.44
2015	중구	95.66	95.13
2015	용산구	94.71	93.78
2015	성동구	95.11	94.60
2015	광진구	96.16	94.02
2015	동대문구	96.26	95.19
2015	중랑구	97.38	97.00
2015	성북구	96.33	95.25
2015	강북구	97.68	96.67
2015	도봉구	96.67	95.34
2015	노원구	94.59	93.92
2015	은평구	96.14	94.02
2015	서대문구	95.64	94.05
2015	마포구	94.40	93.33
2015	양천구	94.39	92.98
2015	강서구	93.72	90.97
2015	구로구	95.39	93.66
2015	금천구	95.83	93.69
2015	영등포구	93.90	92.57
2015	동작구	94.45	92.54
2015	관악구	95.18	92.12
2015	서초구	94.52	93.22
2015	강남구	91.91	89.98
2015	송파구	94.44	92.15
2015	강동구	94.65	92.60
2016	서울시	97.06	96.32
2016	종로구	97.55	96.55
2016	중구	97.07	96.83
2016	용산구	96.69	96.39
2016	성동구	96.66	96.56
2016	광진구	97.37	96.10
2016	동대문구	97.73	97.47
2016	중랑구	98.41	98.35
2016	성북구	97.97	98.03
2016	강북구	98.83	98.37
2016	도봉구	98.14	97.41
2016	노원구	97.06	96.66
2016	은평구	97.77	96.75
2016	서대문구	97.59	97.22
2016	마포구	96.55	96.26
2016	양천구	96.77	96.73
2016	강서구	96.54	95.32
2016	구로구	97.34	96.36
2016	금천구	97.26	96.42
2016	영등포구	96.13	95.46
2016	동작구	96.49	95.72
2016	관악구	97.30	95.90
2016	서초구	97.24	96.84
2016	강남구	96.05	95.42
2016	송파구	95.74	94.13
2016	강동구	96.67	95.70
2017	서울시	100.59	100.84
2017	종로구	100.35	100.22
2017	중구	100.43	100.65
2017	용산구	100.35	100.21
2017	성동구	101.29	101.59
2017	광진구	100.87	101.57
2017	동대문구	100.22	100.16
2017	중랑구	100.23	100.12
2017	성북구	100.39	100.28
2017	강북구	100.29	100.40
2017	도봉구	100.18	100.14
2017	노원구	100.16	100.15
2017	은평구	100.18	100.17
2017	서대문구	100.29	100.32
2017	마포구	100.36	100.35
2017	양천구	101.34	102.03
2017	강서구	100.23	100.37
2017	구로구	100.26	100.34
2017	금천구	100.13	100.06
2017	영등포구	100.77	101.03
2017	동작구	100.41	100.58
2017	관악구	100.12	100.17
2017	서초구	101.08	101.46
2017	강남구	101.36	101.70
2017	송파구	101.50	102.34
2017	강동구	100.93	101.20
2018	서울시	106.80	108.90
2018	종로구	106.20	108.50
2018	중구	108.40	111.10
2018	용산구	109.80	111.30
2018	성동구	109.30	110.60
2018	광진구	105.60	109.00
2018	동대문구	106.20	107.10
2018	중랑구	104.40	104.50
2018	성북구	107.50	109.20
2018	강북구	105.00	108.60
2018	도봉구	104.30	105.30
2018	노원구	104.00	104.20
2018	은평구	105.20	106.80
2018	서대문구	106.20	107.70
2018	마포구	110.30	111.40
2018	양천구	107.30	110.90
2018	강서구	106.40	109.80
2018	구로구	105.20	106.80
2018	금천구	103.50	104.10
2018	영등포구	108.60	109.90
2018	동작구	108.10	110.80
2018	관악구	103.80	105.50
2018	서초구	108.30	110.00
2018	강남구	109.30	111.30
2018	송파구	108.70	113.00
2018	강동구	109.90	113.50
2019	서울시	108.20	110.10
2019	종로구	107.50	109.80
2019	중구	109.80	112.10
2019	용산구	111.60	111.90
2019	성동구	110.60	111.00
2019	광진구	107.50	110.50
2019	동대문구	107.40	107.30
2019	중랑구	105.40	104.80
2019	성북구	108.70	109.90
2019	강북구	106.30	109.90
2019	도봉구	105.00	105.60
2019	노원구	104.60	104.50
2019	은평구	106.00	107.60
2019	서대문구	107.50	108.60
2019	마포구	112.20	113.10
2019	양천구	108.70	112.80
2019	강서구	107.00	110.40
2019	구로구	106.50	108.00
2019	금천구	105.00	105.70
2019	영등포구	110.70	111.60
2019	동작구	109.90	112.10
2019	관악구	104.80	106.00
2019	서초구	109.80	111.80
2019	강남구	111.40	113.80
2019	송파구	111.20	116.50
2019	강동구	110.20	113.60